(1)
32
-15 -35 150
-35 -15 150
-35 15 150
-15 35 150
15 35 150
35 15 150
35 -15 150
15 -35 150
-10 -25 100 
-25 -10 100
-25 10 100
-10 25 100
10 25 100 
25 10 100
25 -10 100
10 -25 100
-20 -50 0
-50 -20 0
-50 20 0
-20 50 0
20 50 0
50 20 0
50 -20 0
20 -50 0
-15 -35 -150
-35 -15 -150
-35 15 -150
-15 35 -150
15 35 -150
35 15 -150
35 -15 -150
15 -35 -150
62
1 2
2 3
3 4
4 5
5 6
6 7
7 8
8 1
9 10
10 11
11 12
12 13
13 14
14 15
15 16
16 9
17 18
18 19
19 20
20 21
21 22
22 23
23 24
24 17
25 26
26 27
27 28
28 29
29 30
30 31
31 32
32 25
1 9
9 17
17 25
2 10
10 18
18 26
3 11
11 19
19 27
4 12
12 20
20 28
5 13
13 21
21 29
6 14
14 22
22 30
7 15
15 23
23 31
8 16
16 24
24 32
26 28
25 29
32 30
29 31
28 32 
25 27